      0/99    0.396G    0.1167   0.03673   0.07086    0.2243        15       640         0         0         0         0    0.0933   0.03436   0.06397
      1/99     1.76G    0.1075   0.03905   0.06629    0.2128        14       640  0.009836   0.01149 0.0004195 0.0001152   0.09216   0.03297    0.0592
      2/99     2.17G   0.09691    0.0414   0.05893    0.1972        13       640   0.02033   0.04598  0.007118   0.00122   0.08635   0.03294   0.05479
      3/99     2.17G   0.08885   0.04279   0.04956    0.1812        13       640    0.1418    0.1379   0.04594  0.008868   0.08262   0.03253   0.04845
      4/99     2.17G   0.08514   0.04274   0.04094    0.1688        19       640    0.1413    0.1341   0.06146   0.01285   0.08011   0.03239   0.04342
      5/99     2.18G   0.07879   0.04271   0.03068    0.1522        11       640    0.2289    0.3908    0.2034   0.04612   0.07033   0.03277   0.02538
      6/99     2.18G    0.0717   0.03795     0.022    0.1316        10       640    0.2729    0.4981    0.2647   0.04723   0.06418   0.03036   0.01776
      7/99     2.18G   0.06736   0.03794   0.01725    0.1226         7       640    0.3077    0.6322    0.2802   0.05547   0.06332   0.02724   0.01263
      8/99     2.18G   0.06562   0.03831   0.01278    0.1167        12       640    0.4316    0.6662     0.504    0.1267     0.054   0.02527  0.009888
      9/99     2.18G   0.06138   0.03254   0.01037    0.1043        14       640    0.8177    0.5669    0.6928    0.3918   0.05796   0.02257  0.008472
     10/99     2.18G   0.06084    0.0314   0.00856    0.1008        20       640    0.6766    0.5479    0.6652     0.277   0.05132   0.02197   0.00725
     11/99     2.18G   0.05979   0.02898  0.007926   0.09669        20       640     0.703    0.6092    0.7087    0.4184    0.0456   0.02093  0.006583
     12/99     2.19G   0.06531   0.02679  0.007113   0.09921        12       640     0.715    0.4133    0.5911    0.2321   0.05835   0.01911  0.005924
     13/99     2.19G   0.06229   0.02603  0.006276   0.09459        11       640       0.6    0.5134     0.598    0.1889   0.04866   0.02152  0.005541
     14/99     2.19G   0.06362   0.02447  0.006207    0.0943         9       640    0.5069    0.6735    0.5574    0.2416   0.05099   0.02194  0.005448
     15/99     2.19G   0.06465   0.02335  0.005614   0.09361         9       640    0.5222    0.5747    0.5479    0.1323   0.05409    0.0197  0.004967
     16/99     2.19G   0.06423   0.02422   0.00583   0.09428        15       640    0.6117    0.7182    0.7263    0.3359   0.04182   0.01812  0.005034
     17/99     2.19G   0.05987   0.02434  0.005602   0.08981         8       640    0.6068    0.6743    0.6488    0.3645   0.05751   0.01787  0.004494
     18/99     2.19G   0.06368    0.0233  0.005614    0.0926        12       640    0.6842    0.5747     0.672     0.301   0.05338   0.01564  0.004953
     19/99     2.19G   0.05688   0.02334  0.005383    0.0856        23       640    0.8779    0.7165    0.8535    0.4897   0.04257   0.01603  0.004414
     20/99     2.19G    0.0645   0.02098  0.005628    0.0911        17       640     0.456    0.6973     0.628    0.2774   0.04989   0.01765  0.004605
     21/99     2.19G   0.06493   0.02066   0.00572   0.09131        16       640    0.7142    0.6322    0.7456    0.3615   0.05448   0.01745  0.004321
     22/99     2.19G   0.06556   0.02098  0.005187   0.09174        11       640    0.5412    0.6743    0.5769    0.1508   0.05424   0.01635  0.004509
     23/99     2.19G   0.05984   0.02139  0.005699   0.08693        15       640    0.4654    0.8544    0.5763    0.2094   0.04856   0.01668  0.004969
     24/99     2.19G   0.05914   0.01997  0.005559   0.08468        10       640    0.6262    0.6997    0.7424    0.4496   0.04705   0.01404  0.004299
     25/99     2.19G   0.05587   0.01929   0.00536   0.08052        12       640    0.6214    0.8429     0.796    0.4713   0.04532   0.01395  0.004048
     26/99     2.19G   0.05568   0.02077  0.005242    0.0817        15       640    0.5584    0.8237    0.7562    0.3599   0.04566    0.0153     0.004
     27/99     2.19G   0.05642   0.02052  0.005117   0.08206        17       640    0.8377    0.7241     0.858    0.5462   0.04412    0.0141  0.004448
     28/99     2.19G   0.06136   0.01895  0.005113   0.08543        12       640     0.807    0.7203    0.8429    0.3572   0.04074   0.01399  0.004584
     29/99     2.19G   0.05721   0.01986  0.005948   0.08301        13       640    0.6893    0.7011    0.8108    0.3304   0.04235   0.01354  0.004626
     30/99     2.19G   0.05626   0.01944  0.005574   0.08128         8       640    0.7543    0.8391     0.883    0.5222   0.03723   0.01332  0.004718
     31/99     2.19G   0.05082   0.01976  0.005229    0.0758        13       640    0.8316     0.705    0.8478    0.4167   0.04145    0.0135  0.004058
     32/99     2.19G   0.05171   0.02034  0.005196   0.07724        14       640    0.7595    0.8107    0.8513    0.5602   0.03779   0.01347  0.003981
     33/99     2.19G   0.05147   0.01893   0.00497   0.07536        17       640    0.8209    0.8428    0.8993    0.3771   0.04526   0.01248  0.004139
     34/99     2.19G   0.05473   0.01808  0.005265   0.07808        15       640    0.6299     0.705    0.7156    0.2391   0.05149   0.01427  0.004568
     35/99     2.19G   0.06227   0.01907  0.005954   0.08729        15       640    0.7299    0.5402    0.6825     0.326   0.04182   0.01734  0.005216
     36/99     2.19G   0.05365   0.01636  0.005503   0.07551        17       640    0.3848    0.7816    0.5655    0.2457   0.04347   0.01283  0.004293
     37/99     2.19G   0.05891   0.01779  0.005267   0.08198        22       640     0.481    0.6628    0.5766    0.1405     0.046   0.01655   0.00506
     38/99     2.19G   0.05991   0.01832  0.005156   0.08338        20       640    0.7167     0.613    0.7328     0.388   0.04382   0.01506  0.004817
     39/99     2.19G   0.05794     0.019  0.006018   0.08296        17       640    0.7388    0.7804     0.848    0.3789    0.0402   0.01562  0.005011
     40/99     2.19G   0.05257   0.01864  0.005963   0.07717        19       640     0.743    0.8196    0.8791    0.5237   0.03765   0.01401  0.004687
     41/99     2.19G   0.05418   0.01798  0.005165   0.07732        17       640    0.8343    0.7719    0.8786    0.5684   0.03926   0.01403  0.004477
     42/99     2.19G   0.05387   0.01881  0.005774   0.07845        18       640     0.821    0.8851    0.9185    0.4496   0.04118   0.01389  0.004722
     43/99     2.19G   0.05006    0.0202  0.005956   0.07622        15       640    0.5407    0.6857    0.5947    0.1595   0.04913   0.01265  0.004735
     44/99     2.19G   0.05839   0.01715   0.00549   0.08103        11       640    0.8341    0.9119    0.9315    0.6125   0.03714   0.01317  0.005115
     45/99     2.19G   0.04762   0.01978  0.005967   0.07336        23       640    0.8715    0.9611    0.9619    0.6347   0.02843   0.01174  0.004458
     46/99     2.19G   0.04656   0.01705  0.005066   0.06868        14       640    0.6895    0.5939    0.7492    0.4362   0.05045   0.01271  0.003799
     47/99     2.19G   0.06049    0.0183   0.00538   0.08417        21       640    0.9372    0.7471    0.8979    0.5198   0.03726     0.012  0.004437
     48/99     2.19G   0.04856   0.01827  0.005588   0.07242        14       640    0.9288      0.95      0.98    0.5794   0.03509   0.01168  0.004127
     49/99     2.19G   0.05089   0.01736  0.005031   0.07328        16       640    0.8425    0.9655    0.9583    0.5039   0.03521   0.01195  0.004121
     50/99     2.19G   0.04205   0.01748  0.004901   0.06443        14       640    0.9603    0.8346    0.9422    0.5479   0.03564   0.01156  0.003833
     51/99     2.19G   0.04573   0.01683  0.004829   0.06739        12       640    0.9688    0.8429    0.9375     0.588   0.03547    0.0112  0.003969
     52/99     2.19G   0.05279   0.01644  0.004991   0.07422        20       640    0.8979    0.8736    0.9272    0.5419   0.03511    0.0116  0.004271
     53/99     2.19G   0.04243   0.01888  0.005549   0.06686        13       640    0.9583    0.9692    0.9874    0.6293   0.02987   0.01133  0.003987
     54/99     2.19G   0.03754   0.01596  0.004512   0.05802        12       640    0.9546    0.9668    0.9865    0.5982   0.03134   0.01117  0.003728
     55/99     2.19G   0.04017   0.01658  0.004238   0.06099        18       640    0.8528    0.9272    0.9445    0.5425   0.03183   0.01067  0.003554
     56/99     2.19G   0.04952    0.0173   0.00471   0.07153        11       640    0.8962    0.9263    0.9264    0.4346   0.03073   0.01092  0.004076
     57/99     2.19G   0.03781   0.01619  0.005111   0.05911        12       640    0.9164    0.9349    0.9723     0.672   0.02538   0.01099  0.003972
     58/99     2.19G   0.03424   0.01696   0.00454   0.05574        23       640     0.753     0.946    0.9108    0.5826   0.03023   0.01157  0.003614
     59/99     2.19G   0.04103   0.01575  0.004054   0.06084        16       640    0.8912    0.8792    0.9515    0.4925   0.03433   0.01113  0.003388
     60/99     2.19G   0.04664   0.01732  0.004294   0.06826        17       640    0.7395     0.946     0.899    0.6655   0.02946    0.0108  0.003579
     61/99     2.19G    0.0367   0.01648  0.004544   0.05772        17       640    0.9805    0.9655    0.9846    0.7359   0.03046    0.0106  0.003611
     62/99     2.19G   0.03601   0.01497  0.004298   0.05528        16       640    0.9491    0.9998    0.9847    0.7733   0.02727   0.01028  0.003736
     63/99     2.19G   0.03363   0.01478  0.004436   0.05284        16       640    0.9735    0.9885    0.9886    0.7983    0.0217  0.009725  0.003735
     64/99     2.19G   0.03332   0.01524  0.004346    0.0529        20       640    0.9333    0.9651    0.9656    0.6985   0.02261  0.009575  0.003634
     65/99     2.19G   0.03544   0.01455  0.004068   0.05405         7       640    0.9554    0.9847    0.9848     0.674    0.0284  0.009785  0.003535
     66/99     2.19G   0.03191   0.01486  0.004055   0.05082         9       640    0.9808    0.9808    0.9903    0.7009   0.02228  0.009486  0.003451
     67/99     2.19G   0.02975   0.01411  0.003847   0.04771        15       640    0.9739         1    0.9913    0.7576    0.0233  0.009715  0.003211
     68/99     2.19G   0.03621   0.01458  0.003768   0.05456        15       640    0.9802    0.9655    0.9909    0.7951   0.02067  0.009046  0.003322
     69/99     2.19G   0.03114   0.01456  0.004128   0.04983         8       640    0.9502    0.9579    0.9864    0.7385   0.02436  0.009353  0.003315
     70/99     2.19G   0.03096   0.01459  0.003926   0.04947        20       640    0.9123    0.9962    0.9859    0.7785   0.02316  0.009618  0.003418
     71/99     2.19G   0.03086    0.0143  0.003903   0.04906        26       640    0.9489    0.9962     0.988     0.749   0.01878  0.009185  0.003342
     72/99     2.19G   0.03206   0.01448   0.00395   0.05049        19       640    0.9151    0.9923     0.978     0.771   0.01821  0.009195  0.003354
     73/99     2.19G    0.0263    0.0149  0.003886   0.04508        14       640    0.9416    0.9882    0.9862    0.7859   0.02165  0.009258  0.003251
     74/99     2.19G   0.02549   0.01359  0.003751   0.04284        15       640    0.9848    0.9959    0.9911    0.7846   0.01949  0.009091  0.003206
     75/99     2.19G   0.02462   0.01276  0.003446   0.04082        18       640    0.9812    0.9999    0.9909    0.7601   0.01745  0.008636  0.003026
     76/99     2.19G   0.02855   0.01296  0.003391   0.04491        11       640    0.9886    0.9998    0.9915    0.8087    0.0178  0.008622  0.002964
     77/99     2.19G    0.0235   0.01282   0.00349   0.03982        12       640    0.9885    0.9962    0.9917    0.8375   0.01688   0.00837  0.002998
     78/99     2.19G   0.02199   0.01273  0.003464   0.03818        12       640    0.9812         1    0.9924     0.799   0.01598  0.008263  0.002941
     79/99     2.19G   0.02319   0.01338  0.003349   0.03991        17       640    0.9812         1     0.993      0.83   0.01812  0.008423  0.002855
     80/99     2.19G   0.02821   0.01435  0.003245   0.04581        13       640    0.9848    0.9962    0.9925    0.8386   0.01674  0.008131  0.002811
     81/99     2.19G    0.0255   0.01329  0.003347   0.04214        17       640    0.9849    0.9999    0.9931    0.7753   0.02456  0.008906   0.00278
     82/99     2.19G   0.02669   0.01293  0.003295   0.04292        12       640    0.9884    0.9962    0.9928    0.8437   0.01697  0.008112  0.002832
     83/99     2.19G   0.02482   0.01461  0.003361    0.0428        20       640    0.9848         1    0.9931    0.8524   0.01599  0.008054  0.002812
     84/99     2.19G   0.02463   0.01274  0.003271   0.04065        26       640    0.9812         1     0.993    0.7943   0.02102  0.008807  0.002777
     85/99     2.19G   0.02418   0.01209  0.003292   0.03956        12       640    0.9849         1     0.993    0.8603   0.01558   0.00808   0.00282
     86/99     2.19G   0.02151   0.01333   0.00325   0.03809        14       640    0.9886         1     0.993    0.8486   0.01587  0.008158  0.002794
     87/99     2.19G   0.02098   0.01162   0.00309   0.03569        11       640    0.9886    0.9962    0.9928    0.8185    0.0148  0.008045  0.002784
     88/99     2.19G   0.02297   0.01166  0.003047   0.03767        13       640    0.9886    0.9961     0.993    0.8365   0.01556  0.008022  0.002711
     89/99     2.19G   0.02411   0.01205  0.003035   0.03919        10       640    0.9886         1    0.9932    0.8314   0.01734   0.00808  0.002704
     90/99     2.19G   0.02124   0.01224   0.00308   0.03657         8       640    0.9848         1    0.9933    0.8531   0.01576  0.007902   0.00266
     91/99     2.19G   0.01972   0.01143  0.002986   0.03414         9       640    0.9848         1    0.9933    0.8528   0.01434  0.007738  0.002638
     92/99     2.19G   0.02237   0.01254   0.00298    0.0379        19       640    0.9924    0.9959    0.9933     0.847    0.0151  0.007932  0.002606
     93/99     2.19G   0.02056   0.01125  0.002956   0.03477        16       640    0.9886    0.9999    0.9936    0.8524   0.01485  0.007866  0.002583
     94/99     2.19G   0.01905   0.01184  0.002942   0.03383        12       640    0.9924     0.996    0.9935    0.8632   0.01356  0.007615  0.002543
     95/99     2.19G   0.01739    0.0108  0.002791   0.03098        12       640    0.9924    0.9962    0.9932    0.8632   0.01356  0.007715  0.002473
     96/99     2.19G   0.02169   0.01144  0.002696   0.03582         7       640    0.9922    0.9962    0.9933    0.8366   0.01456  0.007851  0.002421
     97/99     2.19G   0.02291   0.01252  0.002779   0.03821        15       640    0.9886         1    0.9938    0.8269   0.01652  0.007991  0.002444
     98/99     2.19G   0.02024   0.01127   0.00283   0.03433        18       640    0.9924         1    0.9937    0.8619   0.01411  0.007637  0.002499
     99/99     2.19G   0.01883    0.0115  0.002819   0.03315        12       640    0.9886         1    0.9933    0.8576   0.01372  0.007744  0.002488
