     0/131    0.386G    0.1077   0.02275    0.0583    0.1887        15       640   0.02342    0.1978   0.01595  0.002982   0.08494   0.02038   0.03683
     1/131     1.76G   0.07673   0.01956   0.02418    0.1205        15       640    0.3176     0.489    0.3265    0.0898    0.0786   0.01446   0.01226
     2/131     1.96G   0.07226   0.01473   0.01099   0.09799        10       640    0.3751    0.6235    0.4033    0.1347   0.06767   0.01178  0.008366
     3/131     1.96G   0.06851   0.01306  0.008829   0.09039        18       640     0.406    0.8394     0.444    0.1495     0.055   0.01078  0.006939
     4/131     1.96G   0.06722   0.01129  0.008087    0.0866        15       640    0.3633     0.764    0.3869    0.1584    0.0788  0.007926  0.006937
     5/131     1.96G   0.07668  0.009215  0.007277   0.09317        22       640    0.5352    0.6842    0.6086    0.1777   0.08855  0.006457  0.006288
     6/131     1.96G   0.07222    0.0104  0.008335   0.09095         9       640    0.4606    0.5659    0.4783    0.1352   0.07285  0.008169  0.009748
     7/131     1.96G   0.06352  0.009935  0.006865   0.08032        11       640    0.7861    0.8783    0.8869     0.444   0.04843   0.00848  0.005171
     8/131     1.96G    0.0564  0.009997  0.006268   0.07267        11       640    0.8208    0.9213     0.897    0.4618   0.03977  0.008868  0.005307
     9/131     1.96G   0.04849  0.008893  0.005811    0.0632        10       640    0.8337     0.974    0.8955    0.4759   0.03607  0.007282  0.004784
    10/131     1.96G   0.04593  0.008767   0.00507   0.05977        13       640    0.7468     0.952    0.8629    0.4101   0.03949  0.006861  0.004453
    11/131     1.96G   0.04152  0.008376  0.004826   0.05472        11       640     0.828    0.9563    0.9301     0.496   0.03558  0.006547  0.004324
    12/131     1.96G   0.03956  0.007877   0.00448   0.05192        13       640    0.9192     0.987    0.9605    0.6387   0.03045  0.006226  0.004075
    13/131     1.96G   0.03775  0.008025  0.004579   0.05036         9       640    0.9161    0.9874    0.9572    0.6069   0.03173  0.006165  0.004366
    14/131     1.96G   0.03553   0.00778  0.004367   0.04768        10       640    0.9285     0.969    0.9624    0.6115   0.03109  0.005975  0.003572
    15/131     1.96G   0.03644  0.007413  0.004155   0.04801        12       640     0.907    0.9592    0.9328    0.5022   0.03359  0.005997  0.003722
    16/131     1.96G   0.03592   0.00772  0.003999   0.04763        15       640    0.9039    0.9885    0.9501    0.6026   0.03285  0.005883  0.003657
    17/131     1.96G   0.03393  0.007142  0.003994   0.04506        11       640    0.9271    0.9836    0.9612    0.6007   0.02819  0.005797  0.003682
    18/131     1.96G   0.03317  0.007148  0.003804   0.04412        11       640    0.8731    0.9571    0.9712    0.5878   0.03133  0.005705  0.003638
    19/131     1.96G   0.03162  0.007245  0.003583   0.04245        19       640    0.9322    0.9723    0.9735    0.5947   0.02904  0.005599  0.003426
    20/131     1.96G    0.0335  0.006891  0.003559   0.04395        16       640    0.9341    0.9851     0.971    0.6393   0.02916  0.005755  0.003334
    21/131     1.96G   0.03144  0.006884  0.003204   0.04153        11       640    0.9274    0.9829    0.9566    0.6583   0.02562  0.005495  0.003129
    22/131     1.96G   0.02914   0.00679  0.003283   0.03921        12       640    0.9383    0.9826     0.978    0.6949   0.02198  0.005327  0.003068
    23/131     1.96G   0.03166  0.006835  0.003252   0.04175        14       640    0.9296    0.9881    0.9714    0.6385   0.02649  0.005613  0.003166
    24/131     1.96G   0.02835  0.006709  0.003429   0.03849        11       640    0.9408    0.9862    0.9811    0.6739   0.02288  0.005314  0.002914
    25/131     1.96G   0.02886  0.006612  0.002813   0.03828        14       640    0.9365    0.9873    0.9807    0.6732   0.02391  0.005233  0.002806
    26/131     1.96G   0.02818  0.006366  0.002969   0.03752        13       640    0.9397    0.9707    0.9816    0.6994   0.02209  0.005245  0.002723
    27/131     1.96G   0.02712    0.0065  0.002849   0.03647         9       640    0.9416    0.9849     0.985    0.6593   0.02407  0.005282  0.002727
    28/131     1.96G   0.02719  0.006625  0.002746   0.03656         7       640    0.9378    0.9901    0.9817    0.6988   0.02158  0.005198  0.002563
    29/131     1.96G   0.02833  0.006549  0.002744   0.03762        11       640    0.9481    0.9756    0.9812     0.686     0.026  0.005238  0.002916
    30/131     1.96G   0.02738  0.006356  0.002919   0.03666        17       640    0.9483    0.9796    0.9852    0.7296   0.02081  0.005006  0.002604
    31/131     1.96G   0.02704  0.006301  0.002702   0.03605        14       640    0.9349    0.9837    0.9852    0.6771   0.02556  0.005193  0.002531
    32/131     1.96G   0.02701  0.006356   0.00289   0.03625        15       640    0.9372    0.9896    0.9818    0.7299   0.01992  0.004939  0.002651
    33/131     1.96G   0.02657  0.006336  0.002592    0.0355        12       640     0.959    0.9769    0.9868    0.7215   0.02026  0.004923  0.002673
    34/131     1.96G   0.02697  0.006378  0.002614   0.03596        16       640    0.9349    0.9928    0.9812     0.703    0.0239  0.004968  0.002365
    35/131     1.96G   0.02598  0.006319  0.002696     0.035        14       640    0.9455    0.9882    0.9815    0.7148   0.02123   0.00495  0.002567
    36/131     1.96G   0.02597  0.006381  0.002391   0.03475        19       640      0.96    0.9807    0.9858     0.702   0.02089  0.004862  0.002355
    37/131     1.96G    0.0257  0.006265  0.002383   0.03435        15       640    0.9525    0.9842    0.9835    0.7268   0.02082  0.004857  0.002252
    38/131     1.96G   0.02478  0.006114  0.002222   0.03311        23       640    0.9558    0.9809    0.9867     0.728   0.02097  0.004833  0.002225
    39/131     1.96G   0.02499  0.006095  0.002407   0.03349        16       640    0.9588    0.9808    0.9851    0.6854   0.02278  0.004886  0.002191
    40/131     1.96G   0.02463  0.006084  0.002343   0.03306        16       640    0.9502    0.9862    0.9789    0.7052   0.01987  0.004801  0.002136
    41/131     1.96G    0.0252  0.005965  0.002063   0.03323        15       640    0.9556    0.9885    0.9811    0.7019   0.02092  0.004861  0.002129
    42/131     1.96G   0.02491  0.006282  0.002237   0.03343        25       640    0.9525      0.99    0.9875    0.7134   0.02051  0.004756  0.002257
    43/131     1.96G   0.02471  0.005955  0.002194   0.03286        16       640    0.9579    0.9842    0.9886    0.6957   0.02242  0.004813  0.002057
    44/131     1.96G   0.02401  0.006104  0.002184    0.0323        13       640    0.9415    0.9929    0.9863    0.6925   0.02135   0.00477  0.002061
    45/131     1.96G   0.02411  0.006017   0.00216   0.03229         9       640    0.9642    0.9897    0.9864    0.7298   0.02046  0.004625  0.001969
    46/131     1.96G   0.02328  0.006058  0.002024   0.03136        10       640    0.9545    0.9863    0.9827    0.7167    0.0196  0.004793  0.001913
    47/131     1.96G   0.02315  0.005753  0.002062   0.03096         7       640    0.9581    0.9902    0.9888    0.7378    0.0197   0.00466  0.001911
    48/131     1.96G   0.02272  0.005932  0.002005   0.03066        18       640    0.9509    0.9914    0.9882    0.7477   0.01851  0.004585  0.001921
    49/131     1.96G   0.02418  0.006005  0.001932   0.03212        14       640    0.9585    0.9907    0.9855    0.7285   0.01935   0.00461  0.001839
    50/131     1.96G   0.02184  0.005753  0.001867   0.02946        13       640    0.9677    0.9857    0.9892    0.7371   0.01916  0.004457  0.001709
    51/131     1.96G   0.02285  0.005859  0.001836   0.03054        17       640     0.962    0.9828    0.9863    0.7547    0.0191  0.004548   0.00173
    52/131     1.96G   0.02249  0.005841  0.001853   0.03019        19       640    0.9654    0.9863    0.9892    0.7289   0.01866  0.004563   0.00172
    53/131     1.96G   0.02228  0.005853  0.001769    0.0299        15       640    0.9623    0.9896     0.989     0.747   0.01825  0.004559  0.001672
    54/131     1.96G   0.02224  0.005792  0.001693   0.02972         9       640    0.9631    0.9899    0.9897    0.7491   0.01803  0.004477  0.001648
    55/131     1.96G    0.0224  0.005829  0.001836   0.03007        15       640    0.9663    0.9913    0.9908    0.7462   0.01889  0.004493  0.001735
    56/131     1.96G   0.02252  0.005776  0.001857   0.03015        21       640    0.9605     0.981    0.9883     0.738   0.01829  0.004554  0.001719
    57/131     1.96G   0.02202  0.005696  0.001675   0.02939        10       640     0.953    0.9891    0.9852    0.7423   0.01796   0.00455  0.001558
    58/131     1.96G   0.02195  0.005978  0.001665   0.02959        20       640     0.958    0.9923    0.9876    0.7437   0.01771  0.004475  0.001635
    59/131     1.96G   0.02178  0.005543  0.001781    0.0291        16       640    0.9711    0.9837    0.9908    0.7535   0.01794  0.004387  0.001637
    60/131     1.96G   0.02111  0.005509  0.001612   0.02823        15       640    0.9625    0.9952    0.9881    0.7464   0.01782  0.004391  0.001508
    61/131     1.96G   0.02097  0.005434  0.001468   0.02787        18       640    0.9751    0.9785    0.9891    0.7411   0.01853  0.004389  0.001467
    62/131     1.96G   0.02146  0.005592  0.001648    0.0287         7       640    0.9716    0.9879    0.9886    0.7455   0.01814  0.004461   0.00151
    63/131     1.96G   0.02097  0.005553  0.001584    0.0281        12       640    0.9673    0.9882    0.9903    0.7516   0.01773  0.004429  0.001481
    64/131     1.96G   0.02132  0.005787    0.0016    0.0287        18       640    0.9773    0.9783    0.9881    0.7494   0.01857  0.004413  0.001431
    65/131     1.96G   0.02091  0.005616  0.001523   0.02805        10       640    0.9687     0.991    0.9905    0.7347    0.0186  0.004476  0.001343
    66/131     1.96G   0.02093  0.005515  0.001448   0.02789        15       640    0.9801    0.9771    0.9912    0.7587   0.01777  0.004344  0.001437
    67/131     1.96G   0.02022  0.005705   0.00143   0.02736        17       640    0.9719     0.988    0.9915    0.7565   0.01745  0.004331  0.001337
    68/131     1.96G   0.02126  0.005486  0.001409   0.02816        14       640    0.9757    0.9864    0.9913    0.7533    0.0171   0.00435  0.001365
    69/131     1.96G   0.02002  0.005595  0.001405   0.02702        27       640     0.979    0.9872    0.9904    0.7573   0.01685  0.004266  0.001279
    70/131     1.96G   0.02038  0.005454  0.001278   0.02711        10       640    0.9726    0.9972    0.9935    0.7571   0.01698  0.004243  0.001247
    71/131     1.96G   0.01953  0.005529  0.001331   0.02639        10       640    0.9766    0.9884    0.9915    0.7625   0.01666  0.004208  0.001241
    72/131     1.96G   0.01992  0.005547  0.001284   0.02675         9       640    0.9756    0.9945    0.9919    0.7606   0.01724  0.004234  0.001236
    73/131     1.96G   0.02024  0.005462  0.001339   0.02704        17       640    0.9784    0.9907      0.99    0.7545   0.01803  0.004244   0.00131
    74/131     1.96G   0.01981  0.005341  0.001312   0.02646        16       640    0.9745    0.9963    0.9917    0.7606   0.01685  0.004147  0.001235
    75/131     1.96G   0.01969  0.005314  0.001245   0.02625         9       640     0.975    0.9973    0.9929    0.7659   0.01673  0.004189  0.001185
    76/131     1.96G   0.01985  0.005394  0.001205   0.02645        11       640     0.984    0.9899    0.9897    0.7649   0.01657  0.004141  0.001135
    77/131     1.96G   0.01906  0.005213   0.00117   0.02545         8       640    0.9804    0.9922    0.9917    0.7643   0.01698  0.004139  0.001134
    78/131     1.96G   0.01943  0.005333  0.001626   0.02639         7       640    0.9511    0.9871    0.9817    0.7499   0.01728   0.00436  0.001304
    79/131     1.96G   0.01918  0.005618  0.001416   0.02621         7       640    0.9533    0.9858    0.9787    0.7457   0.01693  0.004417  0.001239
    80/131     1.96G   0.02025  0.005409  0.001289   0.02695         8       640    0.9716    0.9821    0.9893     0.756   0.01688  0.004344  0.001127
    81/131     1.96G   0.01883    0.0055  0.001176    0.0255        23       640    0.9742     0.985    0.9914    0.7622   0.01677  0.004185  0.001089
    82/131     1.96G   0.01904   0.00541  0.001149    0.0256        12       640    0.9717    0.9952    0.9907    0.7605   0.01703  0.004202  0.001042
    83/131     1.96G   0.01844  0.005332   0.00116   0.02494        11       640    0.9725    0.9942    0.9914    0.7692   0.01655  0.004181  0.001012
    84/131     1.96G   0.01928  0.005269  0.001041   0.02559         7       640    0.9824    0.9869    0.9925    0.7647   0.01678  0.004126  0.001026
    85/131     1.96G   0.01856  0.005078  0.001101   0.02474        11       640    0.9801    0.9912    0.9931    0.7669   0.01648   0.00408  0.001013
    86/131     1.96G   0.01838  0.005238   0.00102   0.02464        17       640    0.9844    0.9878    0.9925    0.7631   0.01653  0.004101 0.0009594
    87/131     1.96G   0.01806  0.005076  0.000988   0.02413        17       640    0.9813    0.9907    0.9924    0.7713   0.01627  0.004106 0.0009422
    88/131     1.96G   0.01842   0.00506 0.0009658   0.02445        11       640    0.9835    0.9894     0.994    0.7802   0.01595  0.004074 0.0009142
    89/131     1.96G   0.01806  0.005031 0.0009646   0.02406        14       640    0.9783    0.9964    0.9924    0.7709   0.01623  0.004081 0.0008733
    90/131     1.96G   0.01835  0.005092 0.0009156   0.02436        12       640    0.9785    0.9947    0.9936    0.7785     0.016  0.004061  0.000877
    91/131     1.96G   0.01852  0.005089 0.0009323   0.02454        16       640    0.9856    0.9914    0.9947    0.7755   0.01578   0.00401 0.0009063
    92/131     1.96G   0.01806  0.005177   0.00094   0.02418        15       640     0.985    0.9898    0.9939    0.7793   0.01585  0.004064   0.00089
    93/131     1.96G   0.01796  0.005119 0.0009263   0.02401        10       640    0.9842     0.992    0.9937    0.7834   0.01568  0.004009 0.0008753
    94/131     1.96G   0.01775  0.005024 0.0008715   0.02364        14       640    0.9881    0.9896    0.9941    0.7812   0.01569  0.004021  0.000842
    95/131     1.96G   0.01762  0.005081 0.0008725   0.02358        13       640    0.9865    0.9909    0.9946    0.7851   0.01571  0.003958 0.0008055
    96/131     1.96G   0.01756  0.005185  0.000822   0.02357        14       640    0.9871    0.9916    0.9952    0.7829   0.01574  0.003949 0.0007746
    97/131     1.96G   0.01765  0.004837  0.000832   0.02332         9       640    0.9854    0.9944    0.9937    0.7802   0.01589  0.003999 0.0007853
    98/131     1.96G   0.01759  0.004981 0.0008192   0.02339        14       640    0.9848    0.9958    0.9945    0.7815   0.01576  0.003936 0.0007935
    99/131     1.96G   0.01784  0.004987 0.0008363   0.02367        16       640    0.9845    0.9932     0.995    0.7874   0.01547  0.003949 0.0007979
   100/131     1.96G   0.01722  0.004906  0.000848   0.02298        12       640    0.9838    0.9976    0.9942    0.7881   0.01558  0.003914  0.000784
   101/131     1.96G   0.01734  0.004928 0.0008093   0.02307        16       640    0.9842    0.9932    0.9941    0.7846   0.01579  0.003953 0.0007743
   102/131     1.96G   0.01721  0.004958  0.000771   0.02294        20       640    0.9827    0.9972    0.9948    0.7895   0.01539  0.003911 0.0007298
   103/131     1.96G   0.01707  0.005178 0.0007351   0.02298        19       640    0.9822    0.9973    0.9946    0.7874   0.01538  0.003855 0.0007071
   104/131     1.96G   0.01708  0.005065 0.0007884   0.02293        18       640    0.9853    0.9943    0.9941    0.7887   0.01528  0.003936 0.0007112
   105/131     1.96G   0.01738  0.005104 0.0007445   0.02323        14       640    0.9874    0.9955    0.9942    0.7895   0.01544  0.003858 0.0007151
   106/131     1.96G   0.01701   0.00487 0.0007443   0.02262        13       640    0.9864    0.9934    0.9928    0.7864    0.0153  0.003877 0.0007033
   107/131     1.96G   0.01698  0.005047 0.0007113   0.02273        15       640    0.9877    0.9959     0.995    0.7945   0.01513  0.003831 0.0006706
   108/131     1.96G   0.01707  0.004938 0.0007072   0.02272        15       640    0.9908    0.9908    0.9946    0.7944   0.01523  0.003823 0.0006621
   109/131     1.96G   0.01694   0.00479 0.0006804   0.02241        20       640     0.988    0.9959    0.9936    0.7896   0.01526  0.003895 0.0006504
   110/131     1.96G   0.01702  0.005039 0.0006862   0.02275        17       640    0.9883    0.9973    0.9943    0.7966   0.01501  0.003872 0.0006627
   111/131     1.96G    0.0164  0.004758 0.0007128   0.02187        11       640    0.9838    0.9956    0.9944    0.7969   0.01488  0.003868 0.0006573
   112/131     1.96G    0.0165  0.004894 0.0006948   0.02209        17       640    0.9882    0.9979    0.9949    0.7959   0.01477  0.003829  0.000642
   113/131     1.96G   0.01652  0.004876 0.0006782   0.02208        18       640    0.9917    0.9943    0.9947    0.7976   0.01482  0.003768 0.0006217
   114/131     1.96G   0.01687  0.004879 0.0006631   0.02241        18       640    0.9834    0.9977    0.9946    0.7982   0.01487  0.003784 0.0006235
   115/131     1.96G   0.01647  0.004925 0.0006441   0.02204        14       640    0.9847    0.9973    0.9953    0.7988   0.01474  0.003777 0.0006149
   116/131     1.96G   0.01643  0.004792 0.0006491   0.02187        20       640    0.9854    0.9972    0.9933    0.7968   0.01499  0.003819 0.0006028
   117/131     1.96G   0.01655  0.004886 0.0006198   0.02205        16       640    0.9874    0.9953    0.9954    0.7945   0.01475  0.003823 0.0005945
   118/131     1.96G   0.01616  0.004887 0.0006514    0.0217         8       640    0.9862    0.9986    0.9956    0.8027   0.01457  0.003783  0.000593
   119/131     1.96G   0.01607  0.004782 0.0006177   0.02147        17       640    0.9878    0.9985    0.9951    0.8028   0.01458  0.003771 0.0005764
   120/131     1.96G   0.01621  0.004929 0.0006098   0.02174        19       640    0.9866    0.9988    0.9949    0.8053   0.01443  0.003726 0.0005685
   121/131     1.96G     0.016  0.004744 0.0005957   0.02134        18       640    0.9905    0.9923    0.9954    0.8022   0.01445  0.003719 0.0005628
   122/131     1.96G   0.01655  0.005016 0.0006019   0.02217         8       640    0.9897    0.9978     0.995    0.8046   0.01449  0.003752 0.0005553
   123/131     1.96G   0.01635  0.004773 0.0005874   0.02171        12       640    0.9896    0.9994    0.9959    0.7998   0.01445  0.003713 0.0005479
   124/131     1.96G   0.01634  0.004865 0.0005963   0.02181        16       640    0.9918    0.9968     0.996    0.8069   0.01424  0.003704 0.0005485
   125/131     1.96G   0.01639  0.004778 0.0005903   0.02176        14       640    0.9876    0.9988    0.9956    0.8064   0.01442  0.003696  0.000536
   126/131     1.96G    0.0161  0.004721 0.0005602   0.02139        15       640    0.9885    0.9979    0.9952     0.801   0.01451  0.003732 0.0005352
   127/131     1.96G   0.01611  0.004721 0.0005566   0.02139        20       640    0.9853    0.9994    0.9958    0.8073   0.01424  0.003757 0.0005351
   128/131     1.96G   0.01623  0.004722 0.0005577   0.02151         9       640    0.9892    0.9983    0.9956    0.8077   0.01422  0.003712 0.0005389
   129/131     1.96G   0.01606  0.004784 0.0005432   0.02138        13       640    0.9927    0.9976    0.9954    0.8086   0.01433  0.003688 0.0005154
   130/131     1.96G   0.01568  0.004636 0.0005596   0.02087        14       640    0.9928    0.9964    0.9957    0.8062   0.01432  0.003649 0.0005212
   131/131     1.96G   0.01612  0.004614 0.0005629    0.0213        10       640    0.9923    0.9961    0.9955    0.8058   0.01438   0.00368 0.0005123
